          51
 3.9478417604357354E+01
 0.0000000000000000E+00  0.0000000000000000E+00  0.0000000000000000E+00
 0.0000000000000000E+00  0.0000000000000000E+00  0.0000000000000000E+00
 3.9478417604357353E-06  2.4780889966536761E-02  2.3422556622306008E-03
 7.4968972274658965E+00 -1.3495443889497640E+00 -1.0054150986376437E-02
 3.9620005905654471E-01  2.2541332136919032E+00 -1.2780999645916334E-02
 3.9478417604357353E-06  5.9909274805573891E-02  2.3422556622306008E-03
 4.2890535692503340E+00 -1.8473731738632317E+01  1.4454217555525367E-01
 1.3934311996168989E+00  3.1728284054295508E-01 -8.3996895012342036E-03
 3.9478417604357353E-06  7.4439790192773095E-02  2.3422556622306008E-03
 2.0328992528587630E+01 -1.1164208786268485E+01  3.3966818393886189E-01
 5.9352116608801642E-01  1.1597138846009665E+00 -1.5355268735560549E-03
 3.9478417604357353E-06  8.6133974675883726E-02  2.3422556622306008E-03
 1.7824797166622741E+01 -1.9297382055400234E+01 -2.5337536192759835E-01
 9.0200939807942437E-01  8.4661192077711656E-01  3.5257993693846106E-03
 3.9478417604357353E-06  9.6240470314498075E-02  2.3422556622306008E-03
 2.8402797625399156E+01 -9.3641896607653443E+00 -2.2567647497109197E-03
 3.5111387662448529E-01  1.0939124854608553E+00  4.5306827018989368E-03
 3.9478417604357353E-06  1.0528565303808249E-01  2.3422556622306008E-03
 2.7055997672679588E+01  1.9440898551318913E+01 -2.2881550880270751E-01
-6.4583692037089513E-01  8.6362814543302102E-01  1.2384296686082119E-02
 3.9478417604357353E-06  1.1355375618679420E-01  2.3422556622306008E-03
-3.5113810414402941E+01 -2.1189389527994162E+00  6.7940525232853058E-02
 5.7752243740786857E-02 -1.0593796759746250E+00 -2.7858087134742279E-03
 3.9478417604357353E-06  1.2121984023923502E-01  2.3422556622306008E-03
-2.8745989609876272E+01  2.3323804897401384E+01  2.6732959830104469E-01
-6.5508114347695323E-01 -8.0968976322654196E-01 -4.9071839476193101E-03
 3.9478417604357353E-06  1.2840111219669945E-01  2.3422556622306008E-03
-4.1079006474052605E+01 -2.1677960709536173E+00  4.4490510717837839E-01
 7.9583904330392141E-02 -9.6078883100848234E-01 -1.8383919019549479E-02
 3.9478417604357353E-06  1.3518074692497803E-01  2.3422556622306008E-03
 2.5285171446915236E+00  4.1642842284075300E+01 -2.2763775956169599E-01
-9.7471953300810932E-01  5.0785601097221855E-02  3.1746847869700175E-04
 3.9478417604357353E-06  1.4162036690933461E-01  2.3422556622306008E-03
-4.2308310550708796E+01 -1.5241055304034509E+01  7.7175891269212671E-01
 3.3751397019506701E-01 -8.6281754693121848E-01  2.5485810503203055E-03
 3.9478417604357353E-06  1.4776717092062233E-01  2.3422556622306008E-03
-3.6103296632316457E+01 -2.7914947467207512E+01 -2.3595725962752423E-01
 5.5694746802533313E-01 -7.4835348387624157E-01  7.5172815498034951E-03
 3.9478417604357353E-06  1.5365828079282770E-01  2.3422556622306008E-03
-1.0508850125689081E+01 -4.7116588259737526E+01  5.4275164743993479E-02
 8.7666215054797114E-01 -2.0040945894478682E-01  5.4360295905940348E-03
 3.9478417604357353E-06  1.5932353121022644E-01  2.3422556622306008E-03
-4.0746263081835473E+01 -3.1946890221186003E+01  6.2376254778797735E-01
 5.1684267611568557E-01 -6.7818953904493151E-01 -1.7509083646685613E-02
 3.9478417604357353E-06  1.6478733578941132E-01  2.3422556622306008E-03
 4.6643590511982509E+01 -2.0533174949770704E+01 -1.4327067183460271E-01
 3.7255727436346930E-01  7.9961759355442974E-01 -9.3695370092369799E-03
 3.9478417604357353E-06  1.7006997862860862E-01  2.3422556622306008E-03
-3.0425011348299623E+01 -4.4637523525347540E+01 -3.2326449331095086E-01
 7.1539409716992541E-01 -4.4993178564543873E-01 -1.7225443794223676E-02
 3.9478417604357353E-06  1.7518853421624309E-01  2.3422556622306008E-03
-3.9612162614470108E+01 -3.6518877795730319E+01 -2.3389781201172591E-02
 5.8117543676893058E-01 -6.3440753317911547E-01  4.5969149807455244E-03
 3.9478417604357353E-06  1.8015753885626035E-01  2.3422556622306008E-03
 5.3232691832918626E+01 -1.2635335625788500E+01 -3.0440571194919908E-01
 2.0663307871507364E-01  8.3372574441771097E-01 -9.5278531129892059E-03
 3.9478417604357353E-06  1.8498949118489913E-01  2.3422556622306008E-03
-5.7401195285961919E+01  5.1887246954509330E+00  9.9217558814735693E-02
-7.6229449954415829E-02 -8.2299084363939268E-01  2.2678057371828631E-04
 3.9478417604357353E-06  1.8969523221820059E-01  2.3422556622306008E-03
-5.8538066862640122E+01  3.1591472033167207E+00 -3.6090786697311616E-01
-5.3484527321467690E-02 -8.2109060548777113E-01  4.2976353656870581E-04
 3.9478417604357353E-06  1.9428423864297467E-01  2.3422556622306008E-03
-4.7886616168432909E+01  3.6888620011948795E+01  7.8121126700429602E-02
-4.8770014567523834E-01 -6.4372940686281555E-01 -3.1251270146975567E-03
 3.9478417604357353E-06  1.9876485243583120E-01  2.3422556622306008E-03
-2.3130749473846784E+01  5.7003153066705778E+01 -1.5788166609979079E-01
-7.4491180938055102E-01 -2.9895707344869094E-01  7.7233719902941188E-04
 3.9478417604357353E-06  2.0314446295917243E-01  2.3422556622306008E-03
 6.2659263005110354E+01 -1.4982579898446266E+01 -4.1442363286458073E-01
 1.4529416491162400E-01  7.6066776584870899E-01  1.9127720915237602E-02
 3.9478417604357353E-06  2.0742965304861777E-01  2.3422556622306008E-03
-4.2778131013973592E+01 -5.1611165975475032E+01 -1.3408727146316657E+00
 5.8450720575585424E-01 -4.7268173488486875E-01 -4.6283931223514638E-03
 3.9478417604357353E-06  2.1162631744353097E-01  2.3422556622306008E-03
-6.3060438745335283E+01 -1.4478386148247738E+01  3.2312260688352823E-01
 1.7457822398370229E-01 -7.6775435635169798E-01 -5.0030273308604078E-03
 3.9478417604357353E-06  2.1573975971249934E-01  2.3422556622306008E-03
-6.7644110405030958E+01  1.2792382591799534E+01 -8.1348045277159708E-01
-1.4370900688413729E-01 -7.3295914373204762E-01  5.4348202957391813E-03
 3.9478417604357353E-06  2.1977477226910180E-01  2.3422556622306008E-03
-8.9543105521904156E+00  6.7733169730106852E+01  7.1126909649006143E-02
-7.5674037519660231E-01 -6.8078949692159538E-02  1.5850784443870360E-02
 3.9478417604357353E-06  2.2373570295468773E-01  2.3422556622306008E-03
-6.0105398028209216E+01  3.4971204545671270E+01  5.4356643735827492E-01
-3.9446346921486425E-01 -6.4178018792606306E-01 -6.7592641420632744E-03
 3.9478417604357353E-06  2.2762651084945915E-01  2.3422556622306008E-03
 4.5708508874697799E+01 -5.3982864118973943E+01  2.4175433586508283E-02
 5.6974433690446402E-01  4.8317970924140685E-01 -1.4472256551279343E-04
 3.9478417604357353E-06  2.3145081337094381E-01  2.3422556622306008E-03
 5.1427096720062487E+01  4.6385237263941931E+01 -6.8855837033670952E-01
-4.9072775002646768E-01  5.9148587781829498E-01 -2.0258740685221446E-02
 3.9478417604357353E-06  2.3521192626884135E-01  2.3422556622306008E-03
 1.3653323704866835E+01  6.9299193138171375E+01  1.0388897405577546E+00
-7.3821778222461742E-01  1.7966669266006746E-01  1.8447981468435806E-02
 3.9478417604357353E-06  2.3891289778507036E-01  2.3422556622306008E-03
 1.2895430950641073E+01  7.2906745478520108E+01 -1.5715061569015037E-01
-7.1811047479349377E-01  1.3756101464071679E-01  5.0206173818692469E-03
 3.9478417604357353E-06  2.4255653798812654E-01  2.3422556622306008E-03
 5.8560888575464290E+01  4.0767666923879908E+01  1.4241702270151750E+00
-4.3758819190382803E-01  6.2518730973342906E-01 -1.3434881619114405E-02
 3.9478417604357353E-06  2.4614544409067385E-01  2.3422556622306008E-03
-5.1306382111967892E+01  5.6678627919770477E+01  6.9231333277810937E-03
-5.3261965837632574E-01 -4.8261447244806638E-01  2.2251695860377104E-04
 3.9478417604357353E-06  2.4968202240360682E-01  2.3422556622306008E-03
-6.8102199991738757E+01 -3.7447317996320095E+01  2.0656672687317898E-02
 3.4191921489213439E-01 -6.2462772610119432E-01 -9.0292473031408789E-04
 3.9478417604357353E-06  2.5316850745774966E-01  2.3422556622306008E-03
-1.6178311611750473E-01 -7.9516189033946759E+01  3.9861716735879371E-01
 7.0077843348995039E-01 -2.3818892516159207E-03  1.5189876763046892E-03
 3.9478417604357353E-06  2.5660697872789223E-01  2.3422556622306008E-03
 1.6466174682825560E+01  7.4033988291740414E+01 -7.3722139786611351E-01
-7.2108308341042260E-01  1.6014070489097032E-01  1.6519005511861699E-02
 3.9478417604357353E-06  2.5999937531708017E-01  2.3422556622306008E-03
 4.5398821785719271E+01  6.1106169849807088E+01  2.2192869074037143E+00
-5.9892596796958197E-01  4.3517724064708835E-01 -1.9942817869151317E-04
 3.9478417604357353E-06  2.6334750889754249E-01  2.3422556622306008E-03
 5.5924247901373370E+01  5.3466392136402185E+01 -2.0979458673731122E+00
-5.0835034761506648E-01  5.2844559759277043E-01  7.0645904950436674E-05
 3.9478417604357353E-06  2.6665307515500430E-01  2.3422556622306008E-03
 6.5011578479057945E+01 -5.0949742878179407E+01  1.6169951484791897E-01
 4.2977641401528499E-01  5.4289456443521455E-01  1.4897918615295711E-03
 3.9478417604357353E-06  2.6991766394286026E-01  2.3422556622306008E-03
 6.7356728639856669E+01 -4.6257706750072572E+01 -2.0077908393917592E+00
 3.7352961944292340E-01  5.9646035477956361E-01 -6.8916895573028873E-04
 3.9478417604357353E-06  2.7314276831981066E-01  2.3422556622306008E-03
 6.1374093899553010E+01  5.5940719000971562E+01 -1.1385474870899099E+00
-4.8217747942830247E-01  5.0300994180288927E-01 -6.1248885156409538E-03
 3.9478417604357353E-06  2.7632979261759139E-01  2.3422556622306008E-03
-7.4046345643144207E+01 -3.8282818226772392E+01 -6.0965926843047347E-01
 3.3987216752131166E-01 -6.0966490336577261E-01 -1.3842231529227166E-02
 3.9478417604357353E-06  2.7948005966318296E-01  2.3422556622306008E-03
-6.9793171604733431E+01  4.2948860113360489E+01 -1.6692032222840221E+00
-3.5598061842553486E-01 -6.1777196376381904E-01  1.7709292679406297E-02
 3.9478417604357353E-06  2.8259481726144398E-01  2.3422556622306008E-03
-2.6615771248331498E+01 -8.2460071872114540E+01 -1.4954831346074360E+00
 6.3841961219642029E-01 -2.3210426768496087E-01 -6.5153050769940993E-03
 3.9478417604357353E-06  2.8567524402876493E-01  2.3422556622306008E-03
 7.5860067753621806E+01 -3.8851443184659864E+01  1.8167499680981687E+00
 3.0556666072024158E-01  6.2294619416083574E-01  2.1534263538471577E-03
 3.9478417604357353E-06  2.8872245465549562E-01  2.3422556622306008E-03
 7.2342768685735834E+01 -5.3805915364198782E+01  6.6635591413914702E-02
 3.9844124139252274E-01  5.2624761652089491E-01  3.2334136018623214E-03
 3.9478417604357353E-06  2.9173750466411735E-01  2.3422556622306008E-03
 9.0529950351444157E+01  2.0229949711224537E+00 -5.6825339780522344E-01
-3.0973075338276260E-02  6.5986058780972034E-01 -6.8521250740405997E-03
 3.9478417604357353E-06  2.9472139472103881E-01  2.3422556622306008E-03
 7.4439334680171470E+01  5.8746132303732168E+01  1.7431728556436012E+00
-3.8778767574191553E-01  5.0101540703564384E-01 -8.6969528934090386E-04
 3.9478417604357353E-06  2.9767507455219699E-01  2.3422556622306008E-03
-9.0184181080082922E+01  1.6966915326065568E+01  1.3260557158122632E+00
-1.0361620374922828E-01 -6.5020509659517467E-01  4.3190378044596521E-04
