          51
 3.9478417604357354E+01
 0.0000000000000000E+00  0.0000000000000000E+00  0.0000000000000000E+00
 0.0000000000000000E+00  0.0000000000000000E+00  0.0000000000000000E+00
 2.3687050562614414E-06  4.1802023933922544E-02  2.0654532127451484E-03
 1.4962989412884198E+01 -2.7151089059058648E+00 -2.3276544421101105E-02
 2.8177151497525205E-01  1.5965521401298768E+00 -1.0563228133087970E-02
 2.3687050562614414E-06  5.6302722305509305E-02  2.0654532127451484E-03
 4.7458387584868227E+00 -2.0540461052835440E+01  1.4001532400514916E-01
 1.3234402488245278E+00  3.0062297771302599E-01 -6.9408297927776967E-03
 2.3687050562614414E-06  6.7068783262536028E-02  2.0654532127451484E-03
 2.1806813009812338E+01 -1.1733483088029814E+01  3.0903532045068166E-01
 5.6973915527394381E-01  1.1251032371102085E+00 -1.3345576936848894E-03
 2.3687050562614414E-06  7.6106647241891298E-02  2.0654532127451484E-03
 1.8779610939420756E+01 -2.0227343366647162E+01 -2.2458990038299498E-01
 8.7769622881793330E-01  8.2592617299424420E-01  2.9126365787036420E-03
 2.3687050562614414E-06  8.4071241168373112E-02  2.0654532127451484E-03
 2.9440961928421576E+01 -9.6238878373292085E+00 -1.7024969168477001E-03
 3.4365454650222993E-01  1.0753489682095159E+00  3.7373547662075545E-03
 2.3687050562614414E-06  9.1281299351928191E-02  2.0654532127451484E-03
 2.7606091653068319E+01  2.0092617062099123E+01 -1.9412923378376534E-01
-6.4156541684424806E-01  8.5250038374802706E-01  1.0264788131970848E-02
 2.3687050562614414E-06  9.7921854916882003E-02  2.0654532127451484E-03
-3.5922865206904675E+01 -2.0980073291467445E+00  5.8118653954045398E-02
 5.6074175492869360E-02 -1.0472403508041768E+00 -2.2951439858620798E-03
 2.3687050562614414E-06  1.0411208222520026E-01  2.0654532127451484E-03
-2.9369694164040720E+01  2.3806138485554104E+01  2.2718518693441642E-01
-6.4710041077010616E-01 -8.0023998556326681E-01 -4.0376965653480621E-03
 2.3687050562614414E-06  1.0993425509344150E-01  2.0654532127451484E-03
-4.1459706660499030E+01 -2.5932393927704851E+00  3.6704299980534472E-01
 8.4062239539089922E-02 -9.5841648121522749E-01 -1.5285815811466149E-02
 2.3687050562614414E-06  1.1544808278866207E-01  2.0654532127451484E-03
 2.4388682332239995E+00  4.2221788999749776E+01 -1.9151028807251952E-01
-9.6762692208561130E-01  4.8982549723795066E-02  2.6805163774762516E-04
 2.3687050562614414E-06  1.2069856877115594E-01  2.0654532127451484E-03
-4.2451699197411514E+01 -1.5725556543055585E+01  6.4524818279413187E-01
 3.4088318729128980E-01 -8.6016360803745362E-01  2.0516427653273737E-03
 2.3687050562614414E-06  1.2572065433985008E-01  2.0654532127451484E-03
-3.6633333388839567E+01 -2.7955008775653951E+01 -1.9935774582420462E-01
 5.5162344779506978E-01 -7.4613004781478054E-01  6.1816446627378889E-03
 2.3687050562614414E-06  1.3054212574859000E-01  2.0654532127451484E-03
-1.0650382678972019E+01 -4.7350148562629691E+01  4.4736525403213989E-02
 8.7499133108978588E-01 -2.0085285473136044E-01  4.4933282523307349E-03
 2.3687050562614414E-06  1.3518551987835203E-01  2.0654532127451484E-03
-4.0820792740325537E+01 -3.1714233207037438E+01  5.1911082543784048E-01
 5.1802230894538936E-01 -6.8271385978232735E-01 -1.4539997042646366E-02
 2.3687050562614414E-06  1.3966942126759196E-01  2.0654532127451484E-03
 4.6753006914210381E+01 -2.0997576574134371E+01 -1.1580795079308462E-01
 3.7434665557348101E-01  7.9569019101927452E-01 -7.7298796659276553E-03
 2.3687050562614414E-06  1.4400937295412702E-01  2.0654532127451484E-03
-2.9868384546699890E+01 -4.5010303887465923E+01 -2.7855153434545710E-01
 7.1967096476771431E-01 -4.4651721904908348E-01 -1.4237670320713863E-02
 2.3687050562614414E-06  1.4821853328830017E-01  2.0654532127451484E-03
-3.9847390316102079E+01 -3.6653926207972077E+01 -1.9683814179856887E-02
 5.7889290491218359E-01 -6.3262361398939493E-01  3.7849343534779281E-03
 2.3687050562614414E-06  1.5230816045529300E-01  2.0654532127451484E-03
 5.3526875513942073E+01 -1.2906744669835945E+01 -2.5120129645528949E-01
 2.0708906998164545E-01  8.2912457031327114E-01 -7.8354160348562164E-03
 2.3687050562614414E-06  1.5628797702307029E-01  2.0654532127451484E-03
-5.7466549014712548E+01  5.2392041923250829E+00  8.1999160720652386E-02
-7.6517544377686320E-02 -8.2265881219190107E-01  1.8760330585486780E-04
 2.3687050562614414E-06  1.6016644900750315E-01  2.0654532127451484E-03
-5.8642785881720428E+01  3.3951334708996903E+00 -2.9856796492195287E-01
-5.5014638285194539E-02 -8.1978581860764244E-01  3.4597151737895330E-04
 2.3687050562614414E-06  1.6395100278979538E-01  2.0654532127451484E-03
-4.8003501939602657E+01  3.6764557284705084E+01  6.3934286822540098E-02
-4.8678682430149584E-01 -6.4440005820279822E-01 -2.5796125157945748E-03
 2.3687050562614414E-06  1.6764819603700490E-01  2.0654532127451484E-03
-2.3070413367003475E+01  5.7074837721612880E+01 -1.3039198545869610E-01
-7.4459329006795660E-01 -2.9824705211612951E-01  6.3549318570989722E-04
 2.3687050562614414E-06  1.7126385403223837E-01  2.0654532127451484E-03
 6.2618162974823456E+01 -1.3936127874310374E+01 -3.1993371186573283E-01
 1.3994121409230598E-01  7.6501943225355973E-01  1.5866518576936574E-02
 2.3687050562614414E-06  1.7480317961738817E-01  2.0654532127451484E-03
-4.2247616292849919E+01 -5.1388619438953391E+01 -1.0985158443133785E+00
 5.8984383659912676E-01 -4.7511573459664397E-01 -3.8206187783603727E-03
 2.3687050562614414E-06  1.7827084274407973E-01  2.0654532127451484E-03
-6.3173541962667031E+01 -1.4454755927189490E+01  2.6705213099735048E-01
 1.7391431116398834E-01 -7.6613829438166892E-01 -4.1140318814239397E-03
 2.3687050562614414E-06  1.8167105408014123E-01  2.0654532127451484E-03
-6.7195572191121414E+01  1.2865058722868264E+01 -6.6724200204525574E-01
-1.4531906143112799E-01 -7.3689491964168985E-01  4.4963126078197795E-03
 2.3687050562614414E-06  1.8500762601482196E-01  2.0654532127451484E-03
-7.9419668251527060E+00  6.7703427897972389E+01  4.1306773484165310E-02
-7.5825988992271687E-01 -6.2615433493350178E-02  1.3079986260752323E-02
 2.3687050562614414E-06  1.8828402360688173E-01  2.0654532127451484E-03
-5.9664960514285951E+01  3.5396361235059850E+01  4.5123510277259282E-01
-3.9767688123714978E-01 -6.4092072719353399E-01 -5.5551059583394090E-03
 2.3687050562614414E-06  1.9150340743337813E-01  2.0654532127451484E-03
 4.5607353103116075E+01 -5.3833359310280564E+01  1.9862782268759920E-02
 5.7040618015876143E-01  4.8387591075301684E-01 -1.1940793170190689E-04
 2.3687050562614414E-06  1.9466866986140324E-01  2.0654532127451484E-03
 5.2325375774750320E+01  4.5760685543780291E+01 -5.4637750698323473E-01
-4.8376837594559979E-01  5.9248886927091493E-01 -1.6650151688143260E-02
 2.3687050562614414E-06  1.9778246593767596E-01  2.0654532127451484E-03
 1.4825440449328948E+01  6.9259189661679031E+01  8.3528968359356659E-01
-7.3374751819125617E-01  1.8509495317470265E-01  1.5202747744812232E-02
 2.3687050562614414E-06  2.0084723984224778E-01  2.0654532127451484E-03
 1.3224167880740737E+01  7.2634581192933254E+01 -1.3115521841673314E-01
-7.1862987426613945E-01  1.3953333792759789E-01  4.1361646829031666E-03
 2.3687050562614414E-06  2.0386524766184122E-01  2.0654532127451484E-03
 5.8894965773569325E+01  4.1090829980170788E+01  1.1790764550059070E+00
-4.3465955210184332E-01  6.2019225366689934E-01 -1.0985764171681036E-02
 2.3687050562614414E-06  2.0683857709066630E-01  2.0654532127451484E-03
-5.1130061500471157E+01  5.6464028529728026E+01  5.6828054913771213E-03
-5.3352690891660504E-01 -4.8352137242089843E-01  1.8352923318883902E-04
 2.3687050562614414E-06  2.0976916455125375E-01  2.0654532127451484E-03
-6.7840603613691158E+01 -3.7244278982531313E+01  1.6988416270275808E-02
 3.4248494025555853E-01 -6.2615879335155122E-01 -7.4497455624687628E-04
 2.3687050562614414E-06  2.1265881013707844E-01  2.0654532127451484E-03
-1.9859028597927697E-01 -7.9041732895081765E+01  3.2610930992582676E-01
 7.0355965685927135E-01 -2.5604418009927410E-03  1.2560627814072801E-03
 2.3687050562614414E-06  2.1550919070676625E-01  2.0654532127451484E-03
 1.6532662474692820E+01  7.4390934976941551E+01 -6.0944778384071618E-01
-7.1648561569815949E-01  1.5901654301794940E-01  1.3509818532353064E-02
 2.3687050562614414E-06  2.1832187140219159E-01  2.0654532127451484E-03
 4.5440333350121342E+01  6.1682236021019769E+01  1.8380994529759243E+00
-5.9508419056925366E-01  4.3050560049209402E-01 -1.9931782377420127E-04
 2.3687050562614414E-06  2.2109831581655351E-01  2.0654532127451484E-03
 5.6175531150695655E+01  5.3832782777372763E+01 -1.7361274471774262E+00
-5.0496275322666562E-01  5.2429525069279515E-01  6.7439840096323645E-05
 2.3687050562614414E-06  2.2383989500113036E-01  2.0654532127451484E-03
 6.4651039948799635E+01 -5.0849262005563766E+01  1.3225532257414091E-01
 4.3103636562921926E-01  5.4351004306825268E-01  1.2291818231918304E-03
 2.3687050562614414E-06  2.2654789546898529E-01  2.0654532127451484E-03
 6.8034237715160643E+01 -4.5189708568654112E+01 -1.6531844183482076E+00
 3.6819809945273363E-01  5.9827922535196010E-01 -4.5485246873260606E-04
 2.3687050562614414E-06  2.2922352632899762E-01  2.0654532127451484E-03
 6.0787130654218025E+01  5.6430643511181465E+01 -9.4129459846443297E-01
-4.8390021349487738E-01  5.0020339487585808E-01 -4.9968559897493499E-03
 2.3687050562614414E-06  2.3186792566311157E-01  2.0654532127451484E-03
-7.3601410749918813E+01 -3.9133899877252688E+01 -5.1740226167870840E-01
 3.4258099830921340E-01 -6.0623815575397877E-01 -1.1334427206885468E-02
 2.3687050562614414E-06  2.3448216624276108E-01  2.0654532127451484E-03
-7.0628893638576827E+01  4.2387905852053358E+01 -1.3618236002409878E+00
-3.4989268958668329E-01 -6.1543470801831690E-01  1.4530743733825752E-02
 2.3687050562614414E-06  2.3706726066636044E-01  2.0654532127451484E-03
-2.7612806079583855E+01 -8.1839352513277674E+01 -1.2177603468345148E+00
 6.3723505765678656E-01 -2.3649707427582733E-01 -5.4257342956470691E-03
 2.3687050562614414E-06  2.3962416598801406E-01  2.0654532127451484E-03
 7.6246482155901077E+01 -3.8431649493927580E+01  1.4986295522826274E+00
 3.0225454758305198E-01  6.2129980095374748E-01  1.7242924451963655E-03
 2.3687050562614414E-06  2.4215378789775910E-01  2.0654532127451484E-03
 7.1712018917166930E+01 -5.3673636185811972E+01  5.3367936210081762E-02
 4.0071525314479722E-01  5.2759802362176156E-01  2.6700966420986458E-03
 2.3687050562614414E-06  2.4465698450537768E-01  2.0654532127451484E-03
 9.0001911285491687E+01  2.7963080065250052E+00 -4.7155053214268650E-01
-3.3933070604593413E-02  6.6155617371757691E-01 -5.6360437358139899E-03
 2.3687050562614414E-06  2.4713456977282111E-01  2.0654532127451484E-03
 7.3742693830843947E+01  5.7815244466786567E+01  1.4170512225162946E+00
-3.9060684098780907E-01  5.0628900366851626E-01 -7.0682285815873913E-04
 2.3687050562614414E-06  2.4958731663435846E-01  2.0654532127451484E-03
-8.9934011686571054E+01  1.5988808658602100E+01  1.0862923701339140E+00
-1.0052036024498504E-01 -6.5182045849196124E-01  3.1638169543942666E-04
