          51
 3.9478417604357354E+01
 0.0000000000000000E+00  0.0000000000000000E+00  0.0000000000000000E+00
 0.0000000000000000E+00  0.0000000000000000E+00  0.0000000000000000E+00
 7.8956835208714709E-07  2.8983904268937686E-02  1.3697593988581957E-03
 1.5025767191259472E+01 -2.6824710749639262E+00 -1.6763185950418352E-02
 2.7848809807029745E-01  1.5911715130757202E+00 -7.4592477186683987E-03
 7.8956835208714709E-07  3.9038126861106151E-02  1.3697593988581957E-03
 4.6805855643830050E+00 -2.0454124519225530E+01  9.8960393452711640E-02
 1.3300924770487592E+00  3.0069154251469959E-01 -4.9376822040536486E-03
 7.8956835208714709E-07  4.6502896524538317E-02  1.3697593988581957E-03
 2.1957538097587911E+01 -1.1408455130863654E+01  2.1871173744959810E-01
 5.6204547489884904E-01  1.1300874972822152E+00 -1.0273624848841159E-03
 7.8956835208714709E-07  5.2769401342280836E-02  1.3697593988581957E-03
 1.8946939411190176E+01 -2.0245075008839187E+01 -1.5977110975298642E-01
 8.7208484874235004E-01  8.2396321914717197E-01  2.0695364620309385E-03
 7.8956835208714709E-07  5.8291742276562232E-02  1.3697593988581957E-03
 2.9477038241392631E+01 -9.5101060753519331E+00 -9.2684926810268414E-04
 3.4159202330906169E-01  1.0760409534698505E+00  2.6497740155731688E-03
 7.8956835208714709E-07  6.3290917352294543E-02  1.3697593988581957E-03
 2.7299083968005949E+01  2.0254199151045892E+01 -1.3490726468772135E-01
-6.4839205746561790E-01  8.5342971775759269E-01  7.3294946447766919E-03
 7.8956835208714709E-07  6.7895221370956979E-02  1.3697593988581957E-03
-3.5954826883327037E+01 -1.9979370731804025E+00  4.1392364099253703E-02
 5.4554647166292491E-02 -1.0465596002370634E+00 -1.6242874713085053E-03
 7.8956835208714709E-07  7.2187285219130190E-02  1.3697593988581957E-03
-2.9510635289742410E+01  2.3886186994122689E+01  1.6167245865294735E-01
-6.4412847484669178E-01 -7.9715264457212576E-01 -2.8522602851430981E-03
 7.8956835208714709E-07  7.6224154374486305E-02  1.3697593988581957E-03
-4.1111978223774649E+01 -3.1575100024621463E+00  2.5175537892462441E-01
 9.1526831039983825E-02 -9.6518718823554972E-01 -1.0960803110212429E-02
 7.8956835208714709E-07  8.0047228930070255E-02  1.3697593988581957E-03
 2.2664094405732449E+00  4.2300777325645917E+01 -1.3596427131977912E-01
-9.6615703003193543E-01  4.6882665189496464E-02  1.9622142427572339E-04
 7.8956835208714709E-07  8.3687712542121082E-02  1.3697593988581957E-03
-4.2024120286727651E+01 -1.6184155248543163E+01  4.5604241831232972E-01
 3.4822230322854736E-01 -8.6262886492299073E-01  1.4023564466263960E-03
 7.8956835208714709E-07  8.7169832153925861E-02  1.3697593988581957E-03
-3.6933443496622139E+01 -2.7667779326995415E+01 -1.4349122834546532E-01
 5.4752737160274101E-01 -7.4751773535336818E-01  4.3633640124445270E-03
 7.8956835208714709E-07  9.0512853677650079E-02  1.3697593988581957E-03
-1.0741723846160660E+01 -4.7197695192425094E+01  3.1197818526319254E-02
 8.7708386092936974E-01 -2.0249941594801182E-01  3.1948689071279253E-03
 7.8956835208714709E-07  9.3732403313636845E-02  1.3697593988581957E-03
-4.0583038078036900E+01 -3.1120882406876149E+01  3.6798705834278617E-01
 5.2174217239218756E-01 -6.9196817749172634E-01 -1.0404307395265162E-02
 7.8956835208714709E-07  9.6841366861012412E-02  1.3697593988581957E-03
 4.6584664247254956E+01 -2.1501887801568564E+01 -7.8905272426817621E-02
 3.7805370739824845E-01  7.9290022980988084E-01 -5.4810216776551447E-03
 7.8956835208714709E-07  9.9850521260167441E-02  1.3697593988581957E-03
-2.8924676625888900E+01 -4.5277649040018829E+01 -2.0762225539316692E-01
 7.2751360806490717E-01 -4.4277633858862103E-01 -1.0119990681766392E-02
 7.8956835208714709E-07  1.0276899000156450E-01  1.3697593988581957E-03
-4.0002500924115409E+01 -3.6683908351941213E+01 -1.4249357692767264E-02
 5.7698756553368313E-01 -6.3151228657965541E-01  2.6766130551456632E-03
 7.8956835208714709E-07  1.0560457907474274E-01  1.3697593988581957E-03
 5.3759544166718115E+01 -1.3239663033309370E+01 -1.7733172919641202E-01
 2.0800358728320423E-01  8.2414190476542915E-01 -5.5316235690218273E-03
 7.8956835208714709E-07  1.0836402973174268E-01  1.3697593988581957E-03
-5.7423866960741321E+01  5.2967563593750668E+00  5.8087234445431957E-02
-7.7003504217566909E-02 -8.2315088539203651E-01  1.3353172022339464E-04
 7.8956835208714709E-07  1.1105321198005326E-01  1.3697593988581957E-03
-5.8699770928513352E+01  3.7147181843041785E+00 -2.1204965220639219E-01
-5.7144850012682658E-02 -8.1858227174202036E-01  2.3700901986440336E-04
 7.8956835208714709E-07  1.1367727498475359E-01  1.3697593988581957E-03
-4.8129447639005882E+01  3.6567595114583497E+01  4.4785895251059193E-02
-4.8570067664445032E-01 -6.4554531744951316E-01 -1.8305827316482629E-03
 7.8956835208714709E-07  1.1624076557818211E-01  1.3697593988581957E-03
-2.2987061800875342E+01  5.7171387025056141E+01 -9.2595078411553358E-02
-7.4416490693094273E-01 -2.9728017395252859E-01  4.4900691969409492E-04
 7.8956835208714709E-07  1.1874772278601298E-01  1.3697593988581957E-03
 6.2587052537993237E+01 -1.2506254145881012E+01 -2.0568389120042394E-01
 1.3234276654012442E-01  7.7054543034730083E-01  1.1332142006718044E-02
 7.8956835208714709E-07  1.2120175405729161E-01  1.3697593988581957E-03
-4.1570015281551314E+01 -5.1143592590944181E+01 -7.7287613701196456E-01
 5.9688813229323778E-01 -4.7812249541593960E-01 -2.7105215758346825E-03
 7.8956835208714709E-07  1.2360609735559282E-01  1.3697593988581957E-03
-6.3434872314727123E+01 -1.4447224240262569E+01  1.9031258192709363E-01
 1.7286625742791140E-01 -7.6328578053630070E-01 -2.9043515912119669E-03
 7.8956835208714709E-07  1.2596367219489596E-01  1.3697593988581957E-03
-6.6730274807620205E+01  1.2992253137421686E+01 -4.7095631491505663E-01
-1.4739771095227278E-01 -7.4147747911541217E-01  3.2004500549995597E-03
 7.8956835208714709E-07  1.2827712193824037E-01  1.3697593988581957E-03
-6.5840003927726478E+00  6.7829259957005334E+01  1.2663395781884372E-02
-7.5912236943990585E-01 -5.5047990124115105E-02  9.2757673222022604E-03
 7.8956835208714709E-07  1.3054884912315728E-01  1.3697593988581957E-03
-5.9244631883793694E+01  3.6079602486623472E+01  3.2410764215743865E-01
-4.0142078549982302E-01 -6.3870984530459385E-01 -3.9183093747267063E-03
 7.8956835208714709E-07  1.3278104517135905E-01  1.3697593988581957E-03
 4.5626579523406335E+01 -5.3815185781384756E+01  1.4078747385142424E-02
 5.7032716738071498E-01  4.8399253121274688E-01 -8.4685725032949429E-05
 7.8956835208714709E-07  1.3497571553815668E-01  1.3697593988581957E-03
 5.3728906927498841E+01  4.5082346674368992E+01 -3.6884839284952015E-01
-4.7349223836324850E-01  5.9238767304626372E-01 -1.1741746736961789E-02
 7.8956835208714709E-07  1.3713470113010653E-01  1.3697593988581957E-03
 1.6466927915264908E+01  6.9476692675395185E+01  5.7503667277573833E-01
-7.2600320067837953E-01  1.9175776575811962E-01  1.0759125747118656E-02
 7.8956835208714709E-07  1.3925969664698540E-01  1.3697593988581957E-03
 1.3727480618557351E+01  7.2587671025401065E+01 -9.5064082575582604E-02
-7.1771286750828833E-01  1.4189487866477329E-01  2.9273199329503449E-03
 7.8956835208714709E-07  1.4135226637194115E-01  1.3697593988581957E-03
 5.9624662042585335E+01  4.1722420612144475E+01  8.4599914319827629E-01
-4.2966579004408773E-01  6.1203624851807437E-01 -7.6966243898829098E-03
 7.8956835208714709E-07  1.4341385783127586E-01  1.3697593988581957E-03
-5.1148517226161161E+01  5.6457539014300963E+01  4.0325716885986802E-03
-5.3341659848749312E-01 -4.8353642981026690E-01  1.3009837740578391E-04
 7.8956835208714709E-07  1.4544581366536855E-01  1.3697593988581957E-03
-6.7845794090488752E+01 -3.7166871977003225E+01  1.2091183838309365E-02
 3.4234520024772874E-01 -6.2657932722704213E-01 -5.2833347354872440E-04
 7.8956835208714709E-07  1.4744938198931123E-01  1.3697593988581957E-03
-2.4945720878001509E-01 -7.8838624812318500E+01  2.3054079507410125E-01
 7.0538749689662328E-01 -2.7979765724994166E-03  8.9349138156692893E-04
 7.8956835208714709E-07  1.4942572547192498E-01  1.3697593988581957E-03
 1.6716941554029859E+01  7.5301043504078621E+01 -4.3708297280463154E-01
-7.0824337682559713E-01  1.5706036176225005E-01  9.4675196933685334E-03
 7.8956835208714709E-07  1.5137592932196253E-01  1.3697593988581957E-03
 4.5768197897602469E+01  6.2823233582763891E+01  1.3219369211634893E+00
-5.8810934297876860E-01  4.2304133149300865E-01 -1.7269084131968414E-04
 7.8956835208714709E-07  1.5330100833825841E-01  1.3697593988581957E-03
 5.6860742604018398E+01  5.4657555183859742E+01 -1.2476017053699711E+00
-4.9885437772965135E-01  5.1714165317461658E-01  5.6095067241162546E-05
 7.8956835208714709E-07  1.5520191315466383E-01  1.3697593988581957E-03
 6.4579261732859621E+01 -5.1039195782713129E+01  9.3591464087280418E-02
 4.3135691565501488E-01  5.4259932693230140E-01  8.7172738273312176E-04
 7.8956835208714709E-07  1.5707953578950595E-01  1.3697593988581957E-03
 6.9376510864047830E+01 -4.4045237813615259E+01 -1.1805496621306748E+00
 3.5982087705659327E-01  5.9851971264180914E-01 -2.1617162993523616E-04
 7.8956835208714709E-07  1.5893471459204905E-01  1.3697593988581957E-03
 6.0406878873127667E+01  5.7465158027075482E+01 -6.7609096014655634E-01
-4.8448748865266456E-01  4.9472465102430851E-01 -3.4900291601936209E-03
 7.8956835208714709E-07  1.6076823866423171E-01  1.3697593988581957E-03
-7.3508871925952775E+01 -4.0541218782426128E+01 -3.8433935420836618E-01
 3.4487510687843798E-01 -5.9948079825547140E-01 -7.9554386672793746E-03
 7.8956835208714709E-07  1.6258085182421425E-01  1.3697593988581957E-03
-7.2242370339805618E+01  4.1935615658346187E+01 -9.6147119238400836E-01
-3.4068615796620683E-01 -6.0990671516940054E-01  1.0224491305283310E-02
 7.8956835208714709E-07  1.6437325616851600E-01  1.3697593988581957E-03
-2.9146318330199882E+01 -8.1588421514437911E+01 -8.5761549126662695E-01
 6.3320757624902757E-01 -2.4145534493108298E-01 -3.8943589585096828E-03
 7.8956835208714709E-07  1.6614611528138315E-01  1.3697593988581957E-03
 7.7324791979816524E+01 -3.8154245551175386E+01  1.0742739260572469E+00
 2.9676637369640035E-01  6.1672757422422186E-01  1.1742815044338459E-03
 7.8956835208714709E-07  1.6790005713320721E-01  1.3697593988581957E-03
 7.1407158538383413E+01 -5.3901591132035961E+01  3.6748164635702227E-02
 4.0227236259892452E-01  5.2741301650591010E-01  1.8958142116845098E-03
 7.8956835208714709E-07  1.6963567670407373E-01  1.3697593988581957E-03
 8.9980857138535740E+01  3.8542331157317489E+00 -3.4081390918503240E-01
-3.7801816385934404E-02  6.6123007528402322E-01 -3.9800404205023237E-03
 7.8956835208714709E-07  1.7135353836367240E-01  1.3697593988581957E-03
 7.3384951422578951E+01  5.7017398841866680E+01  9.9665889939375063E-01
-3.9286123684272450E-01  5.1148602592752967E-01 -4.9048998388048727E-04
 7.8956835208714709E-07  1.7305417803468709E-01  1.3697593988581957E-03
-9.0305938826650120E+01  1.4805045363388427E+01  7.7212233662064089E-01
-9.5954648021555261E-02 -6.5131987455824658E-01  1.8644831263963193E-04
